
 &NSUBMODL
 N_INTERNAL_MODEL=1,
 INTERNAL_MODEL_LIST= 1 ,
 SUBMODEL_FOR_IM= 1 ,
 /

 &NLSIZES
 CLOUD_LEVELS=85,
 LAND_FIELD=11271,
 MODEL_LEVELS=85, WET_LEVELS=85,
 global_ROW_LENGTH=192, global_ROWS=144,
 ST_LEVELS=6,
 BL_LEVELS=50,
 OZONE_LEVELS=85, 
 /

 &ATM_SIZES
 NICE=1,
 NANCIL_LOOKUPSA=50000,
 NRIM_TIMESA=1,
 NSMAX=0,
 /

 &JULES_NSTYPES
 NPFT=13,
 NNVG=4, 
 /

 &UMSECTIONS
 SECTION_A01='3Z',
 SECTION_A02='3Z',
 SECTION_A03='9C',
 SECTION_A04='3D',
 SECTION_A05='5A',
 SECTION_A06='5A',
 SECTION_A08='8A',
 SECTION_A09='2A',
 SECTION_A10='2B',
 SECTION_A11='2A',
 SECTION_A12='2A',
 SECTION_A13='2A',
 SECTION_A14='1B',
 SECTION_A15='1A',
 SECTION_A16='1A',
 SECTION_A17='2B',
 SECTION_A18='0A',
 SECTION_A19='1B',
 SECTION_A26='1A',
 SECTION_A30='1A',
 SECTION_A31='0A',
 SECTION_A32='1A',
 SECTION_A33='0A',
 SECTION_A34='0A',
 SECTION_A35='0A',
 SECTION_A36='0A',
 SECTION_A37='0A',
 SECTION_A38='0A',
 SECTION_A39='0A',
 SECTION_A50='0A',
 SECTION_A71='1A',
 SECTION_C70='1A',
 SECTION_C72='0A',
 SECTION_C80='1A',
 SECTION_C82='1A',
 SECTION_C84='1A',
 SECTION_C92='2A',
 SECTION_C94='1A',
 SECTION_C95='2A',
 SECTION_C96='1C',
 SECTION_C97='3A',
 SECTION_C98='0A',
 /

 &STSHCOMP
 RUN_TARGET_END= 0 , 0 , 0 , 2 , 0 , 0 ,
 OCAAA=1,
 SWBND=6, 
 LWBND=9,
 OROGR='Y',
 SWMCR='Y',
 ZonAvOzone=.TRUE.,
 OCALB=1, 
 LFLOOR='N', 
 TCA=0,0,0,0,0,0,0,0,0,0,0,0,0,0,0,0,0,0,0,0,0,0,0,0,
 0,0,0,0,0,0,0,0,0,0,0,0,0,0,0,0,0,0,0,0,0,0,0,0,0,0,0,0,0,0,0,0,0,0,0,0,0,0,0,
 0,0,0,0,0,0,0,0,0,0,0,0,0,0,0,0,0,0,0,0,0,0,0,0,0,0,0,0,0,0,0,0,0,0,0,0,0,0,0,
 0,0,0,0,0,0,0,0,0,0,0,0,0,0,0,0,0,0,0,0,0,0,0,0,0,0,0,0,0,0,0,0,0,0,0,0,0,0,0,
 0,0,0,0,0,0,0,0,0,
 TCA_LBC=0,0,0,0,0,0,0,0,0,0,0,0,0,0,0,0,0,0,0,0,0,0,0,0,
 0,0,0,0,0,0,0,0,0,0,0,0,0,0,0,0,0,0,0,0,0,0,0,0,0,0,0,0,0,0,0,0,0,0,0,0,0,0,0,
 0,0,0,0,0,0,0,0,0,0,0,0,0,0,0,0,0,0,0,0,0,0,0,0,0,0,0,0,0,0,0,0,0,0,0,0,0,0,0,
 0,0,0,0,0,0,0,0,0,0,0,0,0,0,0,0,0,0,0,0,0,0,0,0,0,0,0,0,0,0,0,0,0,0,0,0,0,0,0,
 0,0,0,0,0,0,0,0,0,
 TC_UKCA=0,0,0,0,0,0,0,0,0,0,0,0,0,0,0,0,0,0,0,0,0,0,0,0,
 0,0,0,0,0,0,0,0,0,0,0,0,0,0,0,0,0,0,0,0,0,0,0,0,0,0,0,0,0,0,0,0,0,0,0,0,0,0,0,
 0,0,0,0,0,0,0,0,0,0,0,0,0,0,0,0,0,0,0,0,0,0,0,0,0,0,0,0,0,0,0,0,0,0,0,0,0,0,0,
 0,0,0,0,0,0,0,0,0,0,0,0,0,0,0,0,0,0,0,0,0,0,0,0,0,0,0,0,0,0,0,0,0,0,0,0,0,0,0,
 0,0,0,0,0,0,0,0,0,
 TC_LBC_UKCA=0,0,0,0,0,0,0,0,0,0,0,0,0,0,0,0,0,0,0,0,0,0,0,0,
 0,0,0,0,0,0,0,0,0,0,0,0,0,0,0,0,0,0,0,0,0,0,0,0,0,0,0,0,0,0,0,0,0,0,0,0,0,0,0,
 0,0,0,0,0,0,0,0,0,0,0,0,0,0,0,0,0,0,0,0,0,0,0,0,0,0,0,0,0,0,0,0,0,0,0,0,0,0,0,
 0,0,0,0,0,0,0,0,0,0,0,0,0,0,0,0,0,0,0,0,0,0,0,0,0,0,0,0,0,0,0,0,0,0,0,0,0,0,0,
 0,0,0,0,0,0,0,0,0,
 AOBINC= 0 ,
 AOBGRP= 0 ,
 /
 !!! End of file !!!
