 19 RECORDS in this file.
#
1|    1 |    0 |    9 |SOIL MOISTURE CONTENT IN A LAYER    |
2|    3 |    0 |    1 |   21 |    6 |    8 |   34 |    0 |    0 |    0 |    0 |
3| 000000000000000000000000000000 | 00000000000000000001 |    3 |
4|    1 |  122 | -99  -99  -99  -99  -99   30  -99  -99  -99  -99 |
5|    0 |  122 |    0 |    6 |    0 |    0 |    0 |    0 |  191 |
#
1|    1 |    0 |   20 |DEEP SOIL TEMP AFTER TIMESTEP       |
2|    3 |    0 |    1 |   21 |    6 |    8 |    9 |    0 |    0 |    0 |    0 |
3| 000000000000000000000000000000 | 00000000000000000001 |    3 |
4|    1 |  122 |  -3   -3   -3   -3   -6   21  -99  -99  -99  -99 |
5|    0 |   23 |    0 |    6 |    0 |    0 |    0 |    0 |  190 |
#
1|    1 |    0 |  214 |UNFROZEN SOIL MOISTURE FRAC AFTER TS|
2|    3 |    0 |    1 |   21 |    6 |    8 |   34 |    0 |    0 |    0 |    0 |
3| 000000000000000000000000000000 | 00000000000000000001 |    3 |
4|    1 |  122 | -99  -99  -99  -99  -99  -99  -99  -99  -99  -99 |
5|    0 | 1385 |    0 |    6 |    0 |    0 |    0 |    0 |    0 |
#
1|    1 |    0 |  215 |FROZEN SOIL MOISTURE FRAC AFTER TS  |
2|    3 |    0 |    1 |   21 |    6 |    8 |   34 |    0 |    0 |    0 |    0 |
3| 000000000000000000000000000000 | 00000000000000000001 |    3 |
4|    1 |  122 | -99  -99  -99  -99  -99  -99  -99  -99  -99  -99 |
5|    0 | 1386 |    0 |    6 |    0 |    0 |    0 |    0 |    0 |
#
1|    1 |    0 |  216 |FRACTIONS OF SURFACE TYPES          |
2|    3 |    0 |    1 |   21 |    5 |   -1 |   -1 |    9 |    1 |    7 |    0 |
3| 000000000000000000020000000000 | 00000000000000000001 |    3 |
4|    1 |  122 | -99  -99  -99  -99  -99  -99  -99  -99  -99  -99 |
5|    0 | 1391 |    0 |  129 |    0 |    0 |    0 | 9999 |    0 |
#
1|    1 |    0 |  217 |LEAF AREA INDEX OF PLANT FUNC TYPES |
2|    3 |    0 |    1 |   21 |    5 |   -1 |   -1 |    9 |    1 |    8 |    0 |
3| 000000000000000000020000000000 | 00000000000000000001 |    3 |
4|    1 |  122 | -99  -99  -99  -99  -99  -99  -99  -99  -99  -99 |
5|    0 | 1392 |    0 |  129 |    0 |    0 |    0 | 9999 |    0 |
#
1|    1 |    0 |  218 |CANOPY HEIGHT OF PLANT FUNC TYPES M |
2|    3 |    0 |    1 |   21 |    5 |   -1 |   -1 |    9 |    1 |    8 |    0 |
3| 000000000000000000020000000000 | 00000000000000000001 |    3 |
4|    1 |  122 | -99  -99  -99  -99  -99  -99  -99  -99  -99  -99 |
5|    0 | 1393 |    0 |  129 |    0 |    0 |    0 | 9999 |    0 |
#
1|    1 |    0 |  225 |ACCUMULATED LEAF TURNOVER RATE PFTS |
2|    3 |    0 |    1 |   21 |    5 |   -1 |   -1 |    9 |    1 |    8 |    0 |
3| 000000000000000000020000000000 | 00000000000000000001 |    3 |
4|    1 |  122 | -99  -99  -99  -99  -99  -99  -99  -99  -99  -99 |
5|    0 | 1500 |    0 |  129 |    0 |    0 |    0 | 9999 |    0 |
#
1|    1 |    0 |  229 |CANOPY WATER ON TILES  KG/M2        |
2|    3 |    0 |    1 |   21 |    5 |   -1 |   -1 |    9 |    1 |    9 |    0 |
3| 000000000000000000020000000000 | 00000000000000000001 |    3 |
4|    1 |  122 | -99  -99  -99  -99  -99  -99  -99  -99  -99  -99 |
5|    0 | 1504 |    0 |  129 |    0 |    0 |    0 |    0 |    0 |
#
1|    1 |    0 |  230 |CANOPY CAPACITY ON TILES  KG/M2     |
2|    3 |    0 |    1 |   21 |    5 |   -1 |   -1 |    9 |    1 |    9 |    0 |
3| 000000000000000000020000000000 | 00000000000000000001 |    3 |
4|    1 |  122 | -99  -99  -99  -99  -99  -99  -99  -99  -99  -99 |
5|    0 | 1505 |    0 |  129 |    0 |    0 |    0 |    0 |    0 |
#
1|    1 |    0 |  233 |SURFACE TEMPERATURE ON TILES       K|
2|    3 |    0 |    1 |   21 |    5 |   -1 |   -1 |    9 |    1 |    9 |    0 |
3| 000000000000000000020000000000 | 00000000000000000001 |    3 |
4|    1 |  122 | -99  -99  -99  -99  -99  -99  -99  -99  -99  -99 |
5|    0 | 1510 |    0 |  129 |    0 |    0 |    0 | 9999 |    0 |
#
1|    1 |    0 |  234 |ROUGHNESS LENGTH ON TILES          M|
2|    3 |    0 |    1 |   21 |    5 |   -1 |   -1 |    9 |    1 |    9 |    0 |
3| 000000000000000000020000000000 | 00000000000000000001 |    3 |
4|    1 |  122 | -99  -99  -99  -99  -99  -99  -99  -99  -99  -99 |
5|    0 | 1511 |    0 |  129 |    0 |    0 |    0 | 9999 |    0 |
#
1|    1 |    0 |  236 |TILE MODIFIED INFILTRATION RATE     |
2|    3 |    0 |    1 |   21 |    5 |   -1 |   -1 |    9 |    1 |    9 |    0 |
3| 000000000000000000020000000000 | 00000000000000000001 |    3 |
4|    1 |  122 | -99  -99  -99  -99  -99  -99  -99  -99  -99  -99 |
5|    0 | 1579 |    0 |  129 |    0 |    0 |    0 | 9999 |    0 |
#
1|    1 |    0 |  237 |DOWNWARD SW RADIATION ON TILES  W/M2|
2|    3 |    0 |    3 |   21 |    5 |   -1 |   -1 |    9 |    1 |    9 |    0 |
3| 000000000000000000020000000000 | 00000000000000000001 |    3 |
4|    1 |  122 | -99  -99  -99  -99  -99  -99  -99  -99  -99  -99 |
5|    0 | 1580 |    0 |  129 |    0 |    0 |    0 | 9999 |    0 |
#
1|    1 |    0 |  240 |SNOW AMOUNT ON TILES           KG/M2|
2|    3 |    0 |    1 |   21 |    5 |   -1 |   -1 |    9 |    1 |    9 |    0 |
3| 000000000000000000020000000000 | 00000000000000000001 |    3 |
4|    1 |  122 | -99  -99  -99  -99  -99  -99  -99  -99  -99  -99 |
5|    0 | 1583 |    0 |  129 |    0 |    0 |    0 | 9999 |    0 |
#
1|    1 |    0 |  241 |CANOPY SNOW CAPACITY           KG/M2|
2|    3 |    0 |    1 |   21 |    5 |   -1 |   -1 |    9 |    1 |    9 |    0 |
3| 000000000010000000020000000000 | 00000000000000000001 |    3 |
4|    1 |  122 | -99  -99  -99  -99  -99  -99  -99  -99  -99  -99 |
5|    0 |   93 |    0 |  275 |    0 |    0 |    0 |    0 |    0 |
#
1|    1 |    0 |  242 |SNOW BENEATH CANOPY            KG/M2|
2|    3 |    0 |    1 |   21 |    5 |   -1 |   -1 |    9 |    1 |    9 |    0 |
3| 000000000010000000020000000000 | 00000000000000000001 |    3 |
4|    1 |  122 | -99  -99  -99  -99  -99  -99  -99  -99  -99  -99 |
5|    0 |   93 |    0 |  275 |    0 |    0 |    0 |    0 |    0 |
#
1|    1 |    0 |  376 |SNOW DEPTH ON GROUND ON TILES (M)   |
2|    3 |    0 |    1 |   21 |    5 |   -1 |   -1 |    9 |    1 |    9 |    0 |
3| 000000000000001000000000000000 | 00000000000000000001 |    3 |
4|    1 |  122 | -99  -99  -99  -99  -99  -99  -99  -99  -99  -99 |
5|    0 |    0 |    0 |  129 |    0 |    0 |    0 | 9999 |    0 |
#
1|    1 |    0 |  490 |DECOUPLED SCREEN TEMP ON TILES     K|
2|    3 |    0 |    1 |   21 |    5 |   -1 |   -1 |    9 |    1 |    9 |    0 |
3| 000000000000000000000020000000 | 00000000000000000001 |    3 |
4|    1 |  122 |  -3   -3   -3   -3  -14   21  -99  -99  -99  -99 |
5|    0 | 1137 |    0 |  129 |    0 |    0 |    0 | 9999 |    0 |
# end of file
